1753 452
420 131
273 90
742 209
284 86
93 26
1489 392
875 219
1165 299
341 89
908 236
1171 267
629 184
726 183
1107 293
125 39
287 92
28 10
273 69
246 72
232 84
1233 297
750 182
600 174
1009 293
252 73
177 57
1085 276
304 114
146 37
559 154
307 81
335 97
19 7
24 11
28 13
18 8
361 120
284 87
165 57
114 37
563 148
120 40
264 79
324 80
96 27
479 133
479 117
269 81
2541 583
280 81
343 91
378 128
337 104
552 149
1600 394
160 40
638 175
337 83
257 64
228 59
399 127
254 82
1258 283
407 115
575 162
314 103
458 134
1237 321
919 251
832 220
412 129
444 128
21 7
15 5
184 54
495 151
81 33
1359 336
188 68
391 110
971 261
715 176
54 18
176 58
591 150
539 138
754 213
1138 275
290 95
513 143
376 104
417 112
423 137
835 219
1182 295
971 256
1673 390
638 172
2111 508
238 73
169 54
28 15
7 5
190 74
205 71
147 42
200 65
446 130
78 31
948 272
49 20
37 9
298 67
56 15
478 125
1396 378
942 293
18 4
150 67
1475 429
248 106
372 115
758 187
868 244
369 97
1769 413
230 65
493 129
52 23
354 95
1003 246
662 171
850 198
1028 259
433 105
667 171
49 19
139 50
196 61
252 72
175 57
836 222
941 243
159 65
25 10
642 185
410 128
69 23
601 157
1184 326
298 82
935 247
652 174
304 98
590 148
469 127
157 60
326 101
239 69
766 220
377 106
327 92
542 151
263 64
239 58
198 67
1285 316
527 118
505 121
252 65
1543 367
1352 324
1786 420
794 208
1121 284
529 137
543 125
864 221
894 221
2032 507
893 226
1174 291
398 116
980 239
963 251
875 209
626 170
271 66
513 124
1149 276
478 116
615 157
978 241
1184 301
983 251
981 239
509 127
689 165
788 206
313 89
1054 280
704 182
1342 350
543 136
169 50
252 66
789 200
746 191
1301 331
806 206
318 92
534 134
382 114
784 212
1134 290
379 120
591 171
352 111
222 66
276 74
1336 365
571 136
163 44
317 109
557 166
528 161
931 244
532 171
686 199
381 142
324 101
408 124
1057 280
618 217
163 45
1425 384
992 256
527 150
435 156
454 128
467 117
322 132
152 48
746 240
488 124
9 5
588 160
422 130
685 197
196 46
465 158
96 26
152 62
578 172
57 16
1135 303
1936 509
435 162
327 127
110 43
245 66
41 19
277 101
877 227
95 35
31 9
967 255
1237 315
489 136
682 211
844 198
796 223
665 190
1075 268
1102 298
246 71
194 60
92 28
271 85
459 146
855 232
658 177
610 193
691 162
1759 481
280 78
1645 478
772 259
299 96
428 127
418 114
559 147
1531 485
262 77
20 6
198 50
731 194
214 73
1565 431
760 230
1236 297
494 134
527 149
317 87
379 96
661 188
89 30
80 28
522 145
276 75
253 80
1486 350
5 5
656 160
470 112
399 102
1331 298
550 168
81 20
529 169
673 218
704 240
392 125
326 128
588 175
591 175
1010 295
150 45
124 41
400 113
495 143
902 251
215 64
58 21
113 43
54 18
242 91
153 47
678 189
34 11
152 52
384 124
201 55
221 65
459 126
481 137
89 27
90 31
129 41
54 20
55 26
34 14
251 72
120 41
328 97
1133 264
374 143
63 18
32 10
35 10
79 28
128 47
99 37
154 48
157 47
588 170
59 31
145 55
110 39
212 67
120 34
113 39
25 11
45 23
68 24
28 13
376 101
128 43
387 116
355 100
399 111
64 31
192 69
741 208
245 87
220 65
67 28
93 27
32 10
162 59
241 68
655 192
40 12
145 56
152 54
31 12
54 26
294 89
49 18
213 76
589 170
689 201
371 101
1140 344
120 49
108 43
503 112
220 70
507 162
475 163
223 93
145 55
219 62
71 25
223 64
226 73
462 129
663 178
297 81
381 106
74 26
1150 300
25 19
318 85
91 32
940 219
462 121
382 97
372 93
541 153
656 174
631 171
257 67
853 216
350 99
5 5
7 6
5 5
23 14
136 53
5 4
617 162
125 46
77 22
22 9
424 121
288 85
355 117
151 63
569 170
176 66
31 16
46 16
472 145
111 48
47 27
281 90
90 24
84 28
268 74
563 148
274 71
97 27
303 85
187 52
182 48
212 64
253 67
396 108
798 221
487 158
394 126
825 194
971 250
483 160
305 95
428 104
761 179
767 179
248 63
510 128
1083 243
581 138
477 125
243 64
279 68
273 65
214 52
201 50
254 67
228 59
249 60
224 56
216 59
952 231
261 68
636 152
245 62
121 31
430 123
211 57
142 39
466 122
272 68
347 90
374 98
773 215
466 121
477 121
732 173
228 57
312 72
704 180
845 201
250 63
343 91
325 89
328 80
509 124
460 120
132 35
655 164
185 46
294 73
475 124
784 195
500 121
370 93
322 80
506 129
73 22
55 15
43 13
171 54
33 10
109 30
226 66
109 44
108 43
141 49
129 51
76 21
224 71
22 12
770 254
137 41
26 12
328 92
496 151
58 24
129 45
207 63
286 102
20 10
30 12
53 17
257 70
436 137
60 22
181 59
154 48
70 29
55 27
59 22
639 179
98 35
839 230
181 67
155 50
70 28
80 29
97 33
33 15
112 44
281 93
91 41
290 92
50 19
108 32
190 59
605 168
111 37
280 79
97 39
91 34
50 14
766 202
173 43
36 18
641 178
30 9
38 12
12 5
198 64
429 127
649 206
9 4
1 1
6 2
80 20
185 50
917 209
325 81
104 31
267 66
262 66
118 30
215 60
150 41
164 40
134 34
109 27
191 51
239 59
219 64
68 18
65 18
203 64
133 43
32 11
131 39
114 39
72 22
273 82
13 4
242 75
594 169
257 77
102 31
431 119
226 58
280 69
90 24
63 23
295 91
115 38
166 44
148 40
248 82
139 33
310 89
12 4
132 35
103 27
147 38
287 70
270 67
170 50
255 72
697 171
350 90
133 34
608 147
881 227
176 44
558 131
270 79
469 115
576 153
361 88
281 82
453 116
163 46
283 100
12 5
26 12
13 6
21 13
108 36
166 46
177 65
303 86
139 48
192 54
257 77
3 1
615 219
326 107
87 34
66 27
306 100
118 49
641 169
527 157
184 50
151 69
81 44
274 87
536 155
56 16
595 164
332 91
178 44
38 13
248 79
137 40
30 10
375 102
39 15
40 10
160 53
68 19
73 24
547 137
16 6
275 70
351 101
419 104
282 79
4 1
157 51
260 72
42 13
285 87
183 58
231 82
59 16
70 29
260 86
186 54
170 58
107 34
265 76
44 16
34 14
218 63
136 45
282 81
84 24
123 39
657 180
48 15
68 27
528 137
307 78
176 59
88 31
545 164
219 63
200 58
973 267
76 39
318 92
62 16
436 119
353 102
987 316
162 51
478 124
617 180
129 39
89 24
193 57
318 96
371 128
11 4
36 21
24 11
122 46
134 44
390 115
505 149
80 29
90 32
28 9
24 11
160 52
103 42
193 57
108 41
150 49
50 17
94 32
72 26
29 9
5 4
270 76
79 31
207 69
280 84
26 10
101 37
2 2
123 39
37 14
42 13
5 3
168 47
192 66
25 10
320 86
35 10
168 46
51 21
111 36
96 31
20 9
16 5
75 26
45 16
108 40
23 9
23 8
98 27
173 50
25 9
88 31
125 43
130 45
71 18
56 18
218 56
5 1
362 112
51 21
8 3
69 25
108 40
258 93
67 22
12 4
236 82
135 49
252 83
206 80
158 57
35 13
90 34
1 1
224 91
56 22
157 49
55 25
58 15
98 26
98 25
11 4
10 4
141 53
132 48
85 27
90 30
141 42
610 176
135 44
205 55
32 9
144 53
16 4
15 4
1 1
54 14
54 16
246 66
138 36
3 1
3 3
40 15
36 16
7 3
38 18
94 24
272 86
73 21
395 119
24 6
19 5
72 24
25 9
180 75
130 42
240 81
127 39
145 53
127 47
132 52
83 33
445 136
187 59
132 45
112 34
42 13
23 7
29 13
163 53
231 64
52 15
44 13
84 43
16 6
146 53
34 14
36 19
341 106
166 44
3 2
187 58
31 9
155 42
23 12
161 42
56 18
69 20
87 27
67 21
4 2
50 20
49 13
8 4
10 4
27 9
5 2
30 11
51 13
57 18
24 7
24 8
364 96
11 5
183 46
130 34
241 58
289 85
113 34
273 101
19 6
324 104
108 40
216 80
123 57
117 40
51 21
199 68
23 7
126 32
126 37
72 25
216 60
75 32
141 46
157 45
139 40
129 43
157 40
192 61
55 17
104 48
237 71
87 30
110 39
143 45
73 22
39 11
167 49
166 46
4 2
53 14
222 64
81 25
123 34
72 23
176 41
30 9
77 21
109 26
38 12
67 18
285 75
26 8
125 34
89 28
14 4
97 32
139 44
22 12
132 49
68 27
112 35
70 22
14 8
56 20
36 15
126 44
63 22
59 23
10 4
199 86
91 32
102 33
56 25
12 4
232 66
16 7
98 31
35 14
34 16
41 16
28 10
30 10
34 17
15 8
18 8
28 9
81 22
65 23
194 47
125 37
216 64
143 44
300 93
353 100
87 38
300 98
34 12
474 137
162 50
102 32
123 31
136 35
145 38
110 32
80 31
54 15
129 44
10 4
8 3
450 148
28 14
45 20
16 7
46 16
89 32
68 27
215 68
66 24
48 24
48 17
361 90
65 25
198 62
88 28
24 8
129 40
81 25
146 46
380 134
220 73
63 25
157 43
133 41
57 25
83 24
53 23
32 10
32 10
51 22
49 15
97 35
119 39
85 29
45 12
150 41
17 4
185 53
48 16
152 44
38 12
57 18
101 27
46 16
17 7
252 66
228 77
24 7
27 12
25 8
61 22
101 45
8 2
22 8
21 8
15 6
81 21
33 11
69 21
17 10
29 13
81 38
89 37
117 43
30 12
71 23
29 12
76 29
8 3
63 18
155 42
45 13
21 8
279 74
17 7
72 19
12 4
51 18
12 4
55 18
12 5
96 28
117 41
24 7
42 15
72 22
33 10
99 29
47 13
59 19
153 47
216 59
51 17
79 21
5 1
11 3
46 12
17 4
107 32
32 11
35 13
100 28
4 1
52 13
84 32
89 30
126 38
137 46
101 29
115 29
17 5
86 33
39 17
30 9
178 44
60 15
11 3
24 9
6 3
77 21
30 9
100 26
28 9
15 7
96 28
66 19
40 12
10 3
3 1
72 25
16 4
39 11
94 26
38 13
8 5
67 25
13 6
26 14
38 12
39 11
73 22
41 10
83 27
44 14
55 15
18 7
26 8
17 5
74 22
13 7
47 19
19 9
25 10
25 10
30 13
42 19
25 10
41 18
10 3
42 13
122 44
15 3
37 11
13 3
44 13
38 10
126 31
36 11
9 3
160 45
22 7
66 23
23 7
5 1
28 8
85 21
65 18
18 6
51 19
39 17
57 20
38 15
104 38
41 12
17 6
13 6
18 9
58 30
18 6
112 39
90 26
58 20
100 30
136 39
67 25
14 4
32 12
37 14
108 32
19 8
118 48
28 13
33 18
55 22
42 17
21 6
19 8
4 1
3 1
21 6
25 8
44 18
95 26
16 6
13 5
26 7
105 36
61 19
11 7
11 6
57 19
34 12
9 6
33 8
27 9
17 7
20 11
18 8
6 3
7 4
58 23
8 4
11 4
13 4
29 8
44 15
23 7
58 19
38 12
99 33
33 10
39 10
16 7
19 7
9 5
41 15
19 11
10 4
20 8
65 19
58 16
26 9
43 16
41 13
29 9
51 19
74 26
47 15
63 17
8 6
21 7
15 7
3 2
33 15
5 3
15 3
22 7
18 7
65 20
34 12
33 9
24 8
21 9
19 5
17 5
42 18
5 2
17 7
6 2
3 2
2 2
1 1
3 1
40 16
21 7
44 14
27 11
72 23
19 7
8 4
4 3
7 4
1 1
5 2
14 6
8 3
12 5
1 1
20 6
7 3
19 6
1 1
10 4
12 4
4 2
14 5
2 2
29 11
18 10
21 9
9 4
1 1
1 1
1 1
5 2
1 1
16 5
4 2
12 5
11 4
1 1
1 1
3 2
6 3
1 1
13 5
2 2
16 6
8 3
8 3
6 2
2 2
3 2
8 3
4 2
1 1
1 1
3 2
1 1
21 5
22 6
11 4
8 3
3 2
9 3
1 1
2 2
36 10
15 7
13 4
11 5
20 7
14 6
26 8
8 4
12 6
5 3
14 5
16 6
6 3
20 6
9 3
4 2
6 3
10 5
19 9
17 7
14 6
21 5
16 5
9 2
17 7
31 10
58 18
11 4
11 4
42 13
20 6
17 5
45 20
3 3
20 7
11 4
72 28
10 6
22 8
2 1
22 9
12 5
5 2
11 3
34 16
4 3
35 11
9 4
9 4
7 3
26 10
26 8
14 5
44 12
11 4
7 3
17 5
3 3
4 2
25 10
18 7
5 2
18 9
12 5
24 8
15 5
18 7
12 5
15 4
47 19
11 4
47 15
3 1
11 3
37 8
8 2
58 15
4 1
2 1
18 6
5 2
26 7
3 1
4 1
25 7
3 1
2 1
26 7
10 3
7 3
7 3
24 6
10 2
20 6
38 12
13 5
22 9
7 2
32 9
17 6
23 8
2 1
5 2
49 18
22 8
25 11
6 2
4 1
41 12
8 3
14 4
1 1
10 5
12 4
11 5
9 3
6 2
4 1
1 1
1 1
18 5
14 5
6 2
4 1
13 4
10 2
15 5
3 2
31 10
11 3
4 1
11 3
3 1
7 3
8 5
3 1
16 5
24 6
6 3
22 7
4 1
12 3
14 5
36 12
6 2
3 1
12 4
17 7
6 2
34 8
4 1
4 1
17 7
7 3
14 5
10 5
23 7
4 2
4 1
13 6
12 4
5 1
16 4
9 3
7 4
28 10
7 2
6 2
3 1
8 3
10 4
1 1
6 2
1 1
3 2
6 2
4 2
6 3
11 4
6 2
13 5
4 2
1 1
25 7
1 1
11 4
1 1
1 1
1 1
1 1
1 1
1 1
1 1
1 1
1 1
1 1
1 1
1 1
5 2
1 1
1 1
1 1
1 1
4 2
1 1
1 1
1 1
1 1
1 1
1 1
5 2
1 1
1 1
4 2
12 4
4 2
19 6
18 5
4 1
9 2
2 1
2 1
15 5
15 6
5 1
15 4
1 1
10 3
3 1
4 1
12 4
2 1
10 3
9 4
5 3
6 3
6 2
15 4
4 1
3 1
30 10
4 1
6 2
1 1
3 1
29 9
1 1
7 3
12 3
2 1
4 1
1 1
3 1
15 4
8 2
3 1
7 2
3 1
3 1
2 1
3 1
4 1
3 1
3 1
13 3
3 1
3 1
9 2
15 4
3 2
4 1
7 2
3 1
2 1
3 1
4 1
4 1
5 3
5 1
1 1
2 1
7 2
3 1
9 3
1 1
2 1
1 1
5 2
2 1
13 4
2 1
2 1
3 1
3 1
2 1
3 1
1 1
4 2
3 1
4 1
3 1
2 1
3 1
1 1
3 1
2 1
3 1
3 1
